Estensimetro 1		Estensimetro 2		Estensimetro 3		Estensimetro 4		Estensimetro 5		Estensimetro 6		Estensimetro 7		Estensimetro 8		Estensimetro 9		
950	0.330		950	0.356		950	0.381		950	0.305		950	0.300		950	0.400		950	0.279		600	0.279		800	0.279		
0.00000	0.00000		0.00000	0.00001		0.00000	-0.00001	0.00000	0.00000		0.00000	0.00000		0.00000	0.00000		0.00000	0.00000		0.00000	0.00001		0.00000	0.00000		
0.00022	0.00023		0.00023	0.00023		0.00023	0.00018		0.00023	0.00030		0.00013	0.00013		0.00013	0.00018		0.00030	0.00031		0.00021	0.00023		0.00023	0.00033		
0.00047	0.00045		0.00060	0.00060		0.00037	0.00037		0.00051	0.00057		0.00029	0.00031		0.00031	0.00031		0.00037	0.00039		0.00035	0.00035		0.00058	0.00061		
0.00075	0.00070		0.00051	0.00051		0.00051	0.00050		0.00071	0.00077		0.00034	0.00036		0.00041	0.00042		0.00089	0.00091		0.00058	0.00061		0.00081	0.00081		
0.00088	0.00086		0.00066	0.00066		0.00066	0.00062		0.00096	0.00097		0.00062	0.00064		0.00046	0.00049		0.00115	0.00117		0.00071	0.00076		0.00096	0.00096		
0.00116	0.00114		0.00094	0.00094		0.00094	0.00090		0.00124	0.00125		0.00079	0.00082		0.00074	0.00077		0.00143	0.00145		0.00099	0.00104		0.00124	0.00124		
0.00155	0.00153		0.00132	0.00132		0.00120	0.00121		0.00172	0.00174		0.00077	0.00081		0.00102	0.00102		0.00180	0.00181		0.00134	0.00132		0.00172	0.00172		
0.00172	0.00174		0.00141	0.00141		0.00131	0.00133		0.00201	0.00203		0.00083	0.00087		0.00101	0.00106		0.00209	0.00211		0.00149	0.00151		0.00201	0.00201		
0.00182	0.00183		0.00163	0.00163		0.00153	0.00151		0.00223	0.00228		0.00085	0.00089		0.00113	0.00121		0.00239	0.00241		0.00169	0.00173		0.00233	0.00233		
0.00194	0.00195		0.00174	0.00174		0.00165	0.00163		0.00235	0.00234		0.00098	0.00098		0.00126	0.00123		0.00270	0.00270		0.00171	0.00175		0.00235	0.00235		

